117       -1.693089e-01     -9.802679e-02     -1.156802e-01     -0.5216383300
118       -1.275166e-01     -1.476413e-01     -8.913798e-02     -0.5231501600
119       -1.882652e-01     -2.641463e-01     -9.464478e-02     -0.5520259600
120       -3.262865e-01     -2.647576e-01     -1.963336e-01     -0.5998551300
121       -3.705392e-02     -2.552340e-01     -1.857122e-01     -0.5699391200
122       -1.737562e-01     -2.916965e-01     -3.393065e-02     -0.5649560100
123       -1.823373e-01     -1.942936e-01     -1.135388e-03     -0.5476330600
      fbodyaccjerkstdx fbodyaccjerkstdy fbodyaccjerkstdz fbodyaccjerkmeanfreqx
1        -9.958207e-01    -9.909363e-01    -0.9970516700          8.703845e-01
2        -9.966523e-01    -9.820839e-01    -0.9926268200          6.085135e-01
3        -9.912488e-01    -9.814148e-01    -0.9904159000          1.154340e-01
4        -9.913783e-01    -9.869269e-01    -0.9943907600          3.579805e-02
5        -9.969025e-01    -9.886067e-01    -0.9929065200          2.733502e-01
6        -9.952180e-01    -9.901788e-01    -0.9930667500          3.288359e-01
7        -9.962421e-01    -9.882634e-01    -0.9879084700          3.564041e-01
8        -9.961277e-01    -9.833693e-01    -0.9881628300          2.949435e-01
9        -9.965066e-01    -9.812898e-01    -0.9954413600          2.864495e-01
10       -9.914681e-01    -9.693183e-01    -0.9889747700          2.117786e-01
11       -9.923312e-01    -9.749290e-01    -0.9870653700          2.981471e-01
12       -9.983171e-01    -9.906675e-01    -0.9884720400          3.624230e-01
13       -9.988053e-01    -9.913849e-01    -0.9913293400          2.721446e-01
14       -9.966091e-01    -9.933918e-01    -0.9915230500          2.709639e-01
15       -9.925346e-01    -9.864637e-01    -0.9913079300          4.316787e-01
16       -9.958452e-01    -9.964536e-01    -0.9953270000          2.935214e-01
17       -9.950934e-01    -9.930915e-01    -0.9976012400          2.981007e-01
18       -9.950003e-01    -9.921854e-01    -0.9949361200          2.392962e-01
19       -9.961574e-01    -9.930379e-01    -0.9931084000          3.282908e-01
20       -9.970498e-01    -9.928805e-01    -0.9969249800          1.532225e-01
21       -9.964469e-01    -9.936919e-01    -0.9944602900          3.027789e-01
22       -9.954908e-01    -9.876166e-01    -0.9923699600          3.210512e-01
23       -9.953031e-01    -9.841493e-01    -0.9915595000          3.154721e-01
24       -9.972590e-01    -9.862170e-01    -0.9939785500          3.070741e-01
25       -9.969572e-01    -9.890517e-01    -0.9930412900          4.788433e-01
26       -9.957797e-01    -9.871518e-01    -0.9912601700          2.238722e-01
27       -9.958903e-01    -9.902813e-01    -0.9915709800          4.678462e-01
28       -9.818770e-01    -9.648909e-01    -0.9838531400          2.598805e-01
29       -9.929866e-01    -9.879898e-01    -0.9946214200          1.877306e-01
30       -9.954535e-01    -9.928584e-01    -0.9921773500          4.601142e-01
31       -8.964778e-01    -8.598554e-01    -0.9169050200         -6.406553e-03
32       -8.612616e-01    -8.471457e-01    -0.8984801200         -2.458149e-01
33       -9.310877e-01    -9.395689e-01    -0.9597053100          2.630477e-01
34       -9.924978e-01    -9.826793e-01    -0.9947307400          2.400321e-01
35       -9.939219e-01    -9.922025e-01    -0.9978789900          4.107746e-01
36       -9.977360e-01    -9.924927e-01    -0.9974402000          2.340979e-01
37       -9.964667e-01    -9.913266e-01    -0.9949492200          2.490814e-01
38       -9.951454e-01    -9.909861e-01    -0.9963258900          1.570078e-01
39       -9.866427e-01    -9.770756e-01    -0.9878408800          2.739630e-01
40       -9.910509e-01    -9.915524e-01    -0.9915812100          3.787098e-01
41       -9.949251e-01    -9.921962e-01    -0.9906665500          1.461646e-02
42       -9.928910e-01    -9.906123e-01    -0.9906115100          3.149830e-02
43       -9.947816e-01    -9.903483e-01    -0.9913570800          2.836336e-01
44       -9.959636e-01    -9.910546e-01    -0.9927002800          3.268575e-01
45       -9.946297e-01    -9.926019e-01    -0.9955174900          2.566402e-01
46       -9.921337e-01    -9.936627e-01    -0.9966313400          2.153286e-01
47       -9.919972e-01    -9.921002e-01    -0.9962351200          2.272944e-01
48       -9.927760e-01    -9.896816e-01    -0.9953936400          2.809234e-01
49       -9.920534e-01    -9.939103e-01    -0.9924529200          2.454667e-01
50       -9.943227e-01    -9.920646e-01    -0.9959696500          3.004778e-01
51       -9.944013e-01    -9.906874e-01    -0.9936457100          3.925354e-01
52       -9.502229e-01    -9.036754e-01    -0.9824606100         -5.498069e-02
53       -9.934960e-01    -9.892862e-01    -0.9909195600          1.525760e-01
54       -9.958856e-01    -9.911211e-01    -0.9939736500          2.496325e-01
55       -9.944429e-01    -9.937461e-01    -0.9966357100          2.548162e-01
56       -9.947047e-01    -9.932537e-01    -0.9951121800          1.680713e-01
57       -9.922280e-01    -9.933625e-01    -0.9909206700          1.877201e-01
58       -9.919642e-01    -9.922792e-01    -0.9940096400          1.495322e-01
59       -9.946261e-01    -9.909013e-01    -0.9931454000          1.262687e-01
60       -9.946286e-01    -9.901112e-01    -0.9925916900          1.600487e-01
61       -9.935050e-01    -9.868299e-01    -0.9932697300          1.809825e-01
62       -9.925874e-01    -9.926672e-01    -0.9940277800          2.651438e-01
63       -9.942122e-01    -9.951236e-01    -0.9935745600          2.391065e-01
64       -9.925691e-01    -9.947129e-01    -0.9925965500          2.629817e-01
65       -9.324427e-01    -8.878617e-01    -0.9420728200          1.527228e-02
66       -9.847558e-01    -9.890884e-01    -0.9842554000          8.454206e-02
67       -8.985092e-01    -6.535219e-01    -0.8632689500         -3.463377e-01
68       -8.916744e-01    -6.477956e-01    -0.8546971000         -4.021876e-01
69       -9.688016e-01    -9.234221e-01    -0.9638674600          1.857434e-02
70       -8.509183e-01    -8.373224e-01    -0.8937021500          1.281853e-01
71       -6.944725e-01    -3.600773e-01    -0.6529497700         -8.993761e-02
72       -7.222106e-01    -3.576102e-01    -0.6615262200         -6.872079e-02
73       -9.101727e-01    -9.035566e-01    -0.9298109000         -2.831679e-01
74       -9.769091e-01    -9.641655e-01    -0.9898560000          2.559113e-01
75       -9.774847e-01    -9.846373e-01    -0.9924545000          2.792883e-01
76       -9.934251e-01    -9.919361e-01    -0.9960515400          2.309824e-01
77       -9.926056e-01    -9.932127e-01    -0.9936042000          1.400424e-01
78       -9.881699e-01    -9.894682e-01    -0.9922509200          2.110516e-01
79       -2.282532e-01    -1.242744e-01    -0.6984361700         -3.525544e-01
80       -1.140450e-01     2.784760e-02    -0.5945945600         -2.890059e-01
81       -2.358945e-01    -5.815575e-03    -0.6328668100         -1.344462e-01
82       -1.322793e-01     2.036718e-02    -0.5528493500         -2.763625e-01
83       -1.692272e-01     5.577680e-02    -0.5102109400         -3.812108e-01
84       -2.575384e-01    -5.280046e-02    -0.4954739400         -1.804710e-01
85       -1.120206e-01    -1.083573e-02    -0.5382850800         -3.305808e-01
86        5.157915e-02     8.049539e-02    -0.5521501000         -3.456067e-01
87       -3.490596e-01    -3.282015e-02    -0.6477725700         -3.329868e-01
88       -2.377517e-01     1.214279e-01    -0.5457356200         -2.191787e-01
89       -1.812437e-01    -2.118834e-02    -0.5346171900         -2.292174e-01
90       -1.016039e-01     1.605121e-02    -0.5865656400         -3.183109e-01
91       -1.530197e-01     1.786551e-01    -0.5286219400         -3.923587e-01
92       -1.597143e-01     2.604831e-01    -0.4814969700         -3.596679e-01
93       -1.143803e-01     2.847273e-01    -0.5027153300         -2.164831e-01
94       -3.808274e-02     9.934172e-02    -0.5375414300         -2.432864e-01
95        4.403899e-02     3.795258e-02    -0.5319877000         -3.313184e-01
96       -2.183220e-02     2.643992e-02    -0.5351011800         -3.318150e-01
97       -4.367751e-02     8.285300e-02    -0.5580527700         -3.427723e-01
98       -1.934965e-01     1.215315e-01    -0.5387223200         -1.928721e-01
99       -1.298122e-01     7.864737e-02    -0.5752319500         -1.846243e-01
100      -5.814630e-02     6.863372e-02    -0.6325469400         -7.398313e-02
101      -1.095680e-01     2.876045e-02    -0.6414839600         -1.149365e-01
102      -1.288459e-01     2.820287e-01    -0.5352806900         -5.783086e-02
103      -1.887704e-01     2.341806e-01    -0.5393586400         -8.624125e-02
104      -1.317640e-01     3.458843e-01    -0.4913270500         -2.716815e-01
105      -1.910709e-01     1.643278e-01    -0.5624840000         -3.177905e-01
106      -1.696792e-01    -4.963155e-02    -0.6507263200         -2.508477e-01
107      -5.727187e-02     1.299469e-01    -0.5531650400         -1.913556e-01
108      -1.274032e-01     2.960122e-01    -0.5289390800         -5.907904e-02
109      -1.798767e-01     2.186292e-01    -0.5417653300         -7.655887e-03
110      -2.001940e-01     1.989837e-01    -0.5948331900         -4.716978e-02
111      -1.478877e-01     9.721528e-02    -0.6155934300         -1.620281e-01
112      -1.447171e-01     3.315986e-01    -0.4320881800         -2.431114e-01
113      -1.565637e-01     3.409108e-02    -0.6138632800         -1.277131e-01
114      -1.378537e-01    -3.842865e-02    -0.6148439800         -1.696942e-01
115      -1.559378e-01     5.789519e-02    -0.5971239400         -3.562822e-01
116      -1.484746e-01     1.140051e-01    -0.5878103900         -2.711078e-01
117      -8.519812e-02     1.928993e-01    -0.5704207700         -1.660364e-01
118      -8.244378e-02     8.405609e-02    -0.6224332200         -2.675137e-01
119      -3.637322e-01    -5.224300e-02    -0.6221086800          4.542003e-03
120      -2.152356e-01    -1.264223e-01    -0.6341724400         -3.230901e-01
121      -2.029946e-01    -1.054407e-01    -0.6414976300         -2.550037e-01
122      -3.712347e-01     1.766062e-02    -0.6002393900         -1.937756e-01
123      -2.087516e-01     4.070382e-02    -0.5939434400         -2.954753e-01
      fbodyaccjerkmeanfreqy fbodyaccjerkmeanfreqz fbodygyromeanx fbodygyromeany
1              2.106970e-01          2.637079e-01   -0.986574420  -0.9817615300
2             -5.367561e-02          6.314827e-02   -0.977386710  -0.9925300300
3             -1.934363e-01          3.825433e-02   -0.975433220  -0.9937146700
4             -9.303585e-02          1.680952e-01   -0.987109580  -0.9936015100
5              7.913538e-02          2.923842e-01   -0.982446480  -0.9929838000
6              5.477140e-02          3.209450e-01   -0.984890220  -0.9927862100
7              5.078586e-02          2.089308e-01   -0.986027350  -0.9904990900
8              2.293017e-02          2.694164e-02   -0.987330160  -0.9900142500
9              1.522001e-01          2.501150e-01   -0.989097920  -0.9919669100
10            -4.189474e-02          2.995693e-02   -0.981777670  -0.9880011400
11            -1.166416e-01          7.587141e-02   -0.981912510  -0.9878227200
12             8.526740e-02          2.359664e-01   -0.992583950  -0.9962183300
13             1.972636e-01          1.474123e-01   -0.994487220  -0.9980567100
14             1.708540e-01         -2.255032e-02   -0.996308630  -0.9974680000
15            -3.119645e-01         -6.730017e-02   -0.972464780  -0.9503688700
16            -3.875094e-02          3.136884e-01   -0.990833120  -0.9768882200
17             4.241724e-02          2.189278e-01   -0.990754520  -0.9861411500
18            -6.784746e-02          1.372884e-01   -0.989078110  -0.9914021900
19            -5.224752e-02          6.668089e-02   -0.990514340  -0.9979013300
20            -8.567331e-03          2.336309e-01   -0.995178020  -0.9982421000
21             1.459465e-01          8.777639e-02   -0.996783360  -0.9984676500
22             3.089773e-01          4.056776e-01   -0.996380390  -0.9984445400
23             1.518353e-01          2.738851e-01   -0.997094200  -0.9978817100
24             8.775456e-02          1.935567e-01   -0.997635280  -0.9979915500
25             1.695404e-01          3.207876e-01   -0.995122610  -0.9975626200
26             2.360001e-01          2.954303e-01   -0.992720510  -0.9973362500
27             2.016393e-01          2.931567e-01   -0.992060610  -0.9973203400
28            -5.985034e-01         -2.711709e-01   -0.967536000  -0.9690438000
29            -1.988453e-01          2.207253e-01   -0.993854300  -0.9797849600
30             3.141050e-02          1.634996e-01   -0.995285580  -0.9834248100
31            -6.040985e-01         -1.000000e+00   -0.748661440  -0.6973784500
32            -6.019251e-01         -9.415102e-01   -0.774049850  -0.6872257000
33            -5.494919e-01         -5.881839e-01   -0.886302790  -0.9167964600
34            -2.263362e-01         -1.235549e-01   -0.993992800  -0.9737402900
35             2.090762e-01         -8.994818e-02   -0.998073900  -0.9912576000
36             3.038339e-01          2.486113e-01   -0.996962810  -0.9933400800
37             2.306503e-01          1.349459e-01   -0.998722310  -0.9929699500
38             5.579946e-02          8.142481e-02   -0.997945480  -0.9944597400
39            -2.971751e-01          1.120240e-01   -0.958255740  -0.9788201000
40             1.613546e-01          8.031657e-02   -0.940089160  -0.9892010000
41             1.093485e-01          8.422511e-02   -0.960686470  -0.9912422200
42             2.243209e-01          8.030522e-02   -0.981520400  -0.9934800200
43             2.914216e-02          1.153216e-01   -0.993160690  -0.9948319700
44             1.494191e-01          3.186394e-01   -0.998729620  -0.9955350200
45             2.916512e-01          9.012413e-02   -0.997107620  -0.9949979400
46             1.566125e-02         -1.866270e-02   -0.997839900  -0.9937619800
47             1.266033e-01          1.190524e-01   -0.997844330  -0.9949188300
48            -4.864079e-02          1.397715e-01   -0.997519110  -0.9954901600
49             6.360147e-03         -1.846428e-02   -0.997608020  -0.9957972800
50             1.045306e-01          2.472960e-01   -0.997487730  -0.9948662100
51             1.547746e-01          4.306032e-01   -0.996576180  -0.9936911400
52            -1.663534e-01         -1.284072e-01   -0.952175960  -0.9331337600
53             8.705228e-02          1.636911e-01   -0.981591560  -0.9939632800
54             1.021519e-01          2.550511e-01   -0.988778680  -0.9968874100
55             1.787918e-01          4.373537e-01   -0.996252090  -0.9972731100
56             3.036431e-01          3.369738e-01   -0.998507970  -0.9968899300
57             2.758841e-01          1.897996e-01   -0.998519870  -0.9964727400
58             1.428517e-01          4.444905e-01   -0.998519300  -0.9957374000
59             4.778215e-02          1.885311e-01   -0.998668090  -0.9958651700
60             2.766333e-01          1.051597e-01   -0.999225380  -0.9972745400
61             1.742878e-01          4.330078e-01   -0.999555070  -0.9974834700
62             1.821622e-01          3.166225e-01   -0.998115210  -0.9963323700
63             6.297729e-02          2.668983e-01   -0.997497700  -0.9958452200
64             1.510335e-01          2.812131e-01   -0.999069690  -0.9958400000
65             3.919936e-01         -2.135718e-02   -0.892357950  -0.9166997400
66            -3.190855e-03          1.175726e-01   -0.947165170  -0.9793878200
67            -8.685251e-01         -5.516954e-01   -0.375390890  -0.8227312700
68            -8.799511e-01         -5.819305e-01   -0.351375830  -0.8054228400
69            -4.776996e-01         -1.893440e-01   -0.771394780  -0.9304735100
70            -1.925421e-01         -4.170809e-01   -0.359650280  -0.7963833900
71            -2.454903e-01         -2.987488e-01    0.005782580  -0.6627552600
72            -2.434468e-01         -2.672237e-01    0.200235710  -0.6805934900
73            -3.530212e-01          7.558809e-02   -0.643893890  -0.8603589500
74            -5.532168e-01          1.447134e-01   -0.955000160  -0.9799951100
75             1.172976e-03         -2.100248e-02   -0.945938920  -0.9862461400
76             2.385247e-01          8.736471e-02   -0.964574190  -0.9938303600
77             1.117573e-01          3.142814e-01   -0.978788810  -0.9940530000
78             8.932788e-02          2.477364e-01   -0.991951840  -0.9964829800
79            -5.203710e-01          5.423699e-02   -0.184780680  -0.1980244100
80            -3.168307e-01         -1.841830e-01   -0.204509540  -0.2458313700
81            -4.819860e-01         -4.421427e-02   -0.317081550  -0.2081588000
82            -4.651232e-01         -3.286396e-01   -0.162210580   0.0265530350
83            -3.755647e-01         -3.082246e-01   -0.237105820   0.0472112460
84            -1.384944e-01         -1.338488e-01   -0.347534710  -0.0351596140
85            -4.920231e-01         -2.793385e-01   -0.395905490  -0.1461656900
86            -4.899024e-01         -1.472845e-01   -0.320082710  -0.1069374100
87            -4.013238e-01         -4.185792e-01   -0.327679600  -0.2577859900
88            -4.523166e-01         -3.394995e-01   -0.293153600  -0.1869785800
89            -4.496891e-01         -6.787222e-02   -0.378328810  -0.2457801000
90            -4.853822e-01         -8.352900e-02   -0.397886910  -0.0408892700
91            -2.747698e-01         -3.264667e-01   -0.404898700  -0.0648431130
92            -2.284868e-01         -1.332722e-01   -0.360944860  -0.0285979780
93            -4.700848e-01         -6.296673e-02   -0.387269290  -0.1205568000
94            -4.127490e-01          6.757033e-02   -0.365931600  -0.1528546400
95            -5.590339e-01         -2.284137e-01   -0.292596370  -0.1027893900
96            -3.446485e-01         -2.321795e-01   -0.264767500  -0.0068208833
97            -3.786499e-01         -3.049327e-01   -0.336392640   0.0628687030
98            -1.780499e-01         -1.052258e-01   -0.396207950  -0.0473671010
99            -4.468561e-01         -1.812473e-01   -0.264663650  -0.0222276440
100           -4.133384e-01         -5.150952e-02   -0.445973230  -0.1373969900
101           -2.251856e-01          5.918218e-02   -0.379001200  -0.0685709360
102           -1.849094e-01         -2.283229e-01   -0.320074850   0.0863561170
103           -1.785318e-01         -3.505067e-01   -0.180303780   0.0477743900
104           -4.663696e-01         -4.393857e-01   -0.232487930  -0.0018716628
105           -4.109730e-01         -3.627022e-01   -0.311638700  -0.0490739850
106           -4.740162e-01         -4.400893e-02   -0.396368990  -0.1629344100
107           -5.409372e-01         -2.314697e-01   -0.373377780  -0.1297448500
108           -3.982763e-01         -2.333810e-01   -0.416223490  -0.0965239570
109           -3.033907e-01         -2.894229e-01   -0.267045990  -0.0994878380
110           -3.110820e-01         -2.158724e-01   -0.340663040  -0.0181040250
111           -3.748473e-01         -2.373697e-01   -0.321722800  -0.0783711850
112           -1.672271e-01         -1.392535e-01   -0.248403870  -0.0645415370
113           -4.261909e-01          4.309276e-02   -0.344640970  -0.1800218700
114           -3.818959e-01         -3.749856e-02   -0.341508180  -0.0769871510
115           -5.507640e-01         -1.468855e-01   -0.296261030  -0.0677814900
116           -6.645858e-01         -2.077420e-01   -0.291928080  -0.0770959110
117           -6.203766e-01         -4.316232e-01   -0.276327830  -0.1104328600
118           -3.345396e-01         -4.037166e-01   -0.394274250  -0.1859568000
119           -2.916331e-01         -3.586035e-01   -0.357038950  -0.1701583400
120           -2.873353e-01         -6.085111e-01   -0.464274560  -0.1721793900
121           -4.465168e-01         -4.866863e-01   -0.420047540  -0.2218170500
122           -1.756639e-01         -3.646933e-01   -0.299825550  -0.1234974000
123           -2.740656e-01         -3.967625e-01   -0.193809940  -0.1014036800
      fbodygyromeanz fbodygyrostdx fbodygyrostdy fbodygyrostdz fbodygyromeanfreqx
1      -0.9895147800 -0.9850326400 -0.9738860700  -0.994034930      -2.575489e-01
2      -0.9896057800 -0.9849043400 -0.9871680700  -0.989784680      -4.816744e-02
3      -0.9867557000 -0.9766422400 -0.9933989500  -0.987328210      -2.166851e-01
4      -0.9871912600 -0.9928103600 -0.9916460500  -0.988677640       2.168625e-01
5      -0.9886664400 -0.9859818200 -0.9919558200  -0.987944330      -1.533426e-01
6      -0.9807784000 -0.9852870700 -0.9916595300  -0.985366100      -3.630397e-01
7      -0.9784560400 -0.9887881400 -0.9884058300  -0.981147100      -3.071254e-01
8      -0.9803608300 -0.9896004100 -0.9859172000  -0.979681020      -8.813590e-02
9      -0.9840280300 -0.9913759100 -0.9935159500  -0.989628790      -1.840546e-01
10     -0.9774529800 -0.9858691300 -0.9868624000  -0.983787630      -1.727679e-01
11     -0.9772718900 -0.9854689000 -0.9884639500  -0.983948870      -2.798137e-01
12     -0.9951279100 -0.9946152600 -0.9950950400  -0.996372390       7.693801e-02
13     -0.9964548800 -0.9956848100 -0.9964621100  -0.995893080       2.424427e-02
14     -0.9957751700 -0.9980649900 -0.9976489200  -0.996603070       2.693476e-01
15     -0.9103172900 -0.9790666500 -0.9374119200  -0.919912140      -1.913549e-02
16     -0.9490786500 -0.9882448500 -0.9624744400  -0.935445170      -2.981329e-01
17     -0.9742958800 -0.9886991500 -0.9800286500  -0.976552130      -1.417567e-01
18     -0.9821902400 -0.9892139200 -0.9887699000  -0.983370780       1.317909e-02
19     -0.9942875300 -0.9914697900 -0.9974913300  -0.996130080      -3.288145e-02
20     -0.9959360000 -0.9960620800 -0.9970342200  -0.995025120       4.790545e-02
21     -0.9969589500 -0.9976515100 -0.9979948800  -0.998893100       2.448885e-01
22     -0.9964003900 -0.9979797900 -0.9987425300  -0.998506360       1.732064e-01
23     -0.9946787700 -0.9984090400 -0.9973201000  -0.995294350       1.528678e-01
24     -0.9942121000 -0.9985502000 -0.9983086200  -0.997147650       2.021088e-01
25     -0.9934168300 -0.9965608900 -0.9976868000  -0.994770650      -1.301889e-02
26     -0.9932517600 -0.9937271600 -0.9974327000  -0.996267380      -1.675809e-01
27     -0.9953429200 -0.9950426500 -0.9975273200  -0.997748390       3.976665e-02
28     -0.8999225100 -0.9751315800 -0.9744767800  -0.931232090      -6.589534e-02
29     -0.9782097100 -0.9942731400 -0.9729742600  -0.968801510       1.006604e-01
30     -0.9699329600 -0.9956847600 -0.9754856800  -0.968423150       4.411003e-03
31     -0.6535247100 -0.7300342500 -0.4129179100  -0.583906650      -3.826481e-01
32     -0.6846406400 -0.7128152500 -0.4015781300  -0.508846390      -7.488971e-01
33     -0.7800698600 -0.9392017800 -0.8870231700  -0.728905220       3.652113e-01
34     -0.9815867100 -0.9969937800 -0.9815738200  -0.978325390       4.078507e-01
35     -0.9809094900 -0.9980888700 -0.9900675700  -0.977685070       1.760888e-01
36     -0.9862400400 -0.9965872300 -0.9948599300  -0.987906540       2.129330e-02
37     -0.9909169300 -0.9992056600 -0.9928408000  -0.991614870       5.088968e-01
38     -0.9948440600 -0.9984231800 -0.9940207800  -0.996848850       2.267544e-01
39     -0.8481672800 -0.9533301400 -0.9698923100  -0.852979340      -2.669040e-01
40     -0.8384423900 -0.9467814900 -0.9883859300  -0.850704350      -6.195488e-03
41     -0.9115001600 -0.9630517400 -0.9872227900  -0.906548050      -5.577646e-02
42     -0.9800114100 -0.9834487900 -0.9934553000  -0.976055650      -5.305467e-02
43     -0.9835938300 -0.9945804900 -0.9946084400  -0.982467710      -2.523509e-02
44     -0.9909740700 -0.9989464500 -0.9955814500  -0.986670520       1.523040e-01
45     -0.9865340400 -0.9973594900 -0.9944559700  -0.985097810       8.524279e-02
46     -0.9914047900 -0.9987577300 -0.9944626100  -0.988727470       5.067183e-01
47     -0.9911152700 -0.9991556200 -0.9950950200  -0.988437700       5.157084e-01
48     -0.9919044600 -0.9986269000 -0.9944880700  -0.992807050       4.045783e-01
49     -0.9894250300 -0.9988647300 -0.9956422100  -0.989742770       4.237996e-01
50     -0.9901195000 -0.9985169100 -0.9951249500  -0.989312660       2.895869e-01
51     -0.9902659200 -0.9987029800 -0.9927475800  -0.988930740       5.478134e-01
52     -0.8355401300 -0.9562643700 -0.9342784200  -0.821684220      -1.294632e-01
53     -0.8983206000 -0.9811449500 -0.9919288300  -0.899971360      -1.772947e-01
54     -0.9503626600 -0.9904896800 -0.9956296000  -0.950584380       3.946811e-02
55     -0.9901535400 -0.9960867400 -0.9938214800  -0.989463840       8.883779e-02
56     -0.9940334300 -0.9993898000 -0.9946098400  -0.994728310       4.250519e-01
57     -0.9924211800 -0.9993353300 -0.9939174900  -0.995820280       3.572118e-01
58     -0.9904011900 -0.9991101000 -0.9936381100  -0.985899170       3.276440e-01
59     -0.9950532300 -0.9993512300 -0.9928788400  -0.995056900       2.740760e-01
60     -0.9948463100 -0.9992064600 -0.9948336200  -0.993804080       2.403441e-01
61     -0.9940060000 -0.9995902000 -0.9950006000  -0.994889860       3.617078e-01
62     -0.9955122800 -0.9991186800 -0.9944390800  -0.995282880       4.345329e-01
63     -0.9950829800 -0.9987666300 -0.9942852500  -0.994491320       3.321851e-01
64     -0.9947214300 -0.9989839700 -0.9933794800  -0.993314860       2.612734e-01
65     -0.8788256200 -0.8872019300 -0.9160530200  -0.881653960      -4.062738e-01
66     -0.8740846700 -0.9453976700 -0.9789258900  -0.869936720      -2.848997e-01
67     -0.6238973400 -0.4413071900 -0.7706173200  -0.587152000      -6.352560e-01
68     -0.6320549300 -0.4051347700 -0.7152661100  -0.621558440      -6.845863e-01
69     -0.9020688900 -0.8197117900 -0.9220347700  -0.942467880      -1.911514e-01
70     -0.6394989000 -0.7370362300 -0.7765645400  -0.654284010       6.478029e-01
71     -0.5369929700 -0.1137502600 -0.6772265700  -0.623037290      -5.393300e-01
72     -0.6427419800 -0.2189975700 -0.7233462200  -0.783869110       3.660546e-02
73     -0.8936860100 -0.7243413900 -0.8578010100  -0.884649730       8.769714e-03
74     -0.9731513400 -0.9445760200 -0.9852699800  -0.965203780      -3.666594e-01
75     -0.9744817400 -0.9517317500 -0.9894551300  -0.970497470      -1.507588e-02
76     -0.9842633200 -0.9621221000 -0.9926207600  -0.981912000      -9.131195e-03
77     -0.9917210300 -0.9826452300 -0.9956092400  -0.991505630      -1.014272e-01
78     -0.9948313300 -0.9927388800 -0.9971838900  -0.995550460      -1.361887e-01
79     -0.3075584400 -0.3680771500 -0.1150472600  -0.565310900      -3.309971e-01
80     -0.3111780400 -0.4613169000 -0.0098376617  -0.489855020       1.079345e-01
81     -0.1857983600 -0.4863058800  0.0097268728  -0.469356720      -1.798067e-01
82     -0.1804687200 -0.4234905000  0.0446522220  -0.376565080      -1.751596e-01
83     -0.2579581000 -0.4223431000  0.1760162400  -0.388597100      -1.763717e-01
84     -0.3338457400 -0.5629957500  0.0555120570  -0.442880230       1.925116e-01
85     -0.2762258900 -0.5389114200 -0.0820398920  -0.400138720       5.323766e-02
86     -0.2243054900 -0.5206220100 -0.0411511700  -0.388547640       9.613420e-02
87     -0.3562185300 -0.5085896100 -0.1219405900  -0.510410890      -7.028877e-02
88     -0.2853515900 -0.5234188900 -0.0393318060  -0.468598710       2.150490e-01
89     -0.2874022600 -0.5532784500 -0.0245825460  -0.430390890       1.549095e-02
90     -0.2500356200 -0.5221076200 -0.0868096500  -0.401619700      -9.322505e-02
91     -0.2756990000 -0.4510237700  0.0832561560  -0.383660330      -9.944051e-02
92     -0.1912195200 -0.4912564700  0.0646270210  -0.437963080      -9.446524e-02
93     -0.1875851300 -0.5541103600 -0.0159705500  -0.382605350      -9.352811e-02
94     -0.1636196600 -0.5063008000  0.0352074780  -0.365809190      -1.604682e-01
95     -0.2423774400 -0.4598507600  0.0327080550  -0.394038830      -9.325983e-02
96     -0.1707880200 -0.4721050400 -0.0240133130  -0.402073360       7.181370e-03
97     -0.1293416100 -0.4841966400  0.0365674260  -0.387781650       7.986273e-02
98     -0.1589253600 -0.5388962100  0.0457525120  -0.417029660       1.577756e-01
99     -0.1768720700 -0.5173006100  0.0540909360  -0.364880070       3.558117e-02
100    -0.1688270600 -0.4977263000  0.0359861300  -0.427051940      -2.113778e-01
101    -0.2974081500 -0.5342366200 -0.0941856590  -0.444031620       8.636067e-02
102    -0.1695747600 -0.5168971700 -0.0098015489  -0.414850240       1.716077e-01
103    -0.2787935800 -0.5375258200  0.0533849410  -0.372684980       4.177643e-01
104    -0.3478373600 -0.5280809200  0.1042656200  -0.408809470       1.664671e-01
105    -0.3125476900 -0.5694185100  0.0365214280  -0.445389800       3.006638e-01
106    -0.3374585600 -0.5951101900 -0.0281777810  -0.459760810       1.418066e-01
107    -0.2352859600 -0.5505884000  0.0488232440  -0.438823300       3.136134e-02
108    -0.2269350200 -0.5043756100  0.0691271800  -0.410034260      -5.905588e-02
109    -0.2763710000 -0.5171677900  0.0685411570  -0.399298440       3.479959e-01
110    -0.2163639600 -0.4850353400  0.0694684590  -0.404669470       1.547584e-02
111    -0.2429021500 -0.5325706900  0.0550811440  -0.391837660       1.642893e-01
112    -0.2859421600 -0.4905665100  0.0161324580  -0.379312180       9.332048e-02
113    -0.3222805500 -0.4884017800 -0.0013658214  -0.390763270      -1.264347e-01
114    -0.3376096500 -0.5181957400 -0.0473026960  -0.319875560      -1.649759e-01
115    -0.3392187800 -0.4958600900  0.0321706810  -0.380900610       8.588202e-02
116    -0.2826882400 -0.4941645400  0.0031712299  -0.431061510      -9.726482e-02
117    -0.2087999400 -0.5671525600 -0.0615819400  -0.394356310       3.015680e-01
118    -0.2727695200 -0.5562014100 -0.0809035780  -0.405348240       4.451371e-03
119    -0.3068115100 -0.5606403100 -0.0874820070  -0.424696750       7.966771e-02
120    -0.2986077300 -0.5946849500 -0.0613252200  -0.432058800      -1.116248e-01
121    -0.2118129900 -0.5861462100 -0.0878168120  -0.475948160       9.590735e-03
122    -0.1858250000 -0.5362685400 -0.1158682200  -0.371344060      -2.277134e-02
123    -0.0966597760 -0.4683791600 -0.0385520020  -0.329397610      -1.913927e-01
      fbodygyromeanfreqy fbodygyromeanfreqz fbodyaccmagmean fbodyaccmagstd
1           0.0979471090       5.471510e-01   -9.521547e-01  -0.9561339700
2          -0.4016079100      -6.817833e-02   -9.808566e-01  -0.9758657600
3          -0.0172641710      -1.107203e-01   -9.877948e-01  -0.9890154800
4          -0.1352453600      -4.972798e-02   -9.875187e-01  -0.9867419600
5          -0.0884027260      -1.622304e-01   -9.935909e-01  -0.9900634600
6          -0.1332383100       1.948332e-01   -9.948360e-01  -0.9952833000
7          -0.3456723500      -7.924550e-02   -9.821347e-01  -0.9847729500
8          -0.2081151500      -7.598939e-02   -9.821841e-01  -0.9751195000
9           0.1767272600       2.127999e-01   -9.831308e-01  -0.9766829000
10         -0.2490848000      -6.097840e-02   -9.849940e-01  -0.9890231300
11         -0.0510357680       9.882920e-02   -9.856966e-01  -0.9871887100
12         -0.1068212200       2.655213e-01   -9.951378e-01  -0.9967139500
13         -0.1045727100       6.632263e-02   -9.959537e-01  -0.9967879200
14          0.1538737800       1.550109e-01   -9.977573e-01  -0.9984811800
15         -0.1808103700       3.264333e-02   -9.038385e-01  -0.8362531700
16         -0.3019214400      -2.079595e-01   -9.913677e-01  -0.9860828800
17         -0.2137538300       7.810050e-02   -9.927316e-01  -0.9901117400
18         -0.2706792700      -1.228618e-01   -9.934335e-01  -0.9923061900
19         -0.0329167150       7.166609e-02   -9.970439e-01  -0.9973144900
20         -0.1941272300       7.331969e-02   -9.998928e-01  -0.9972746400
21          0.0409631580       5.380529e-01   -9.972525e-01  -0.9981925600
22          0.1762650500       5.194718e-01   -9.967107e-01  -0.9978171500
23          0.1274885900       1.578914e-01   -9.959630e-01  -0.9981910000
24          0.1499558800       4.677484e-01   -9.950842e-01  -0.9975563000
25          0.0436130520       2.594532e-01   -9.942786e-01  -0.9953714800
26          0.1323129300       4.055998e-01   -9.936392e-01  -0.9950051800
27          0.2403905100       3.996916e-01   -9.963861e-01  -0.9986409700
28          0.1702468700       1.325411e-01   -4.466299e-01  -0.1994164500
29         -0.1492232300      -3.039803e-01   -9.536266e-01  -0.9309633900
30         -0.1816702000       3.257219e-02   -9.767069e-01  -0.9712139000
31         -0.9439747800      -5.702194e-01   -6.126485e-01  -0.5338687200
32         -0.9292981800      -7.885659e-01   -6.821937e-01  -0.4881476000
33         -0.2754849200      -3.631185e-01   -6.918585e-01  -0.4781140400
34          0.3901223400      -1.996484e-01   -9.054959e-01  -0.9026260300
35          0.0117220640      -1.164473e-02   -9.686157e-01  -0.9560086600
36          0.3878375900       7.864417e-02   -9.968381e-01  -0.9942826700
37          0.0782564080       1.891825e-01   -9.983550e-01  -0.9991436900
38          0.1179848000       4.143017e-01   -9.964263e-01  -0.9947334400
39         -0.0342402030       2.074470e-02   -9.452631e-01  -0.9536265900
40          0.1057353400       2.820173e-02   -9.685818e-01  -0.9448838500
41         -0.3418268800      -2.943410e-02   -9.959717e-01  -0.9953868200
42          0.0546287960      -9.702348e-02   -9.936202e-01  -0.9940982800
43          0.1150931500      -1.905952e-01   -9.931391e-01  -0.9927144400
44          0.2976174000      -1.461891e-01   -9.933422e-01  -0.9932659100
45          0.0414320360       3.078058e-02   -9.947251e-01  -0.9934915400
46          0.0755600700      -1.069856e-01   -9.981292e-01  -0.9968138600
47          0.0121584850       2.136734e-02   -9.976015e-01  -0.9983875700
48         -0.0291234890       1.003224e-01   -9.955177e-01  -0.9971598000
49          0.1506803200       2.449714e-01   -9.949090e-01  -0.9947868800
50          0.2403680100      -8.103282e-02   -9.963488e-01  -0.9936561500
51          0.1980031900      -2.052585e-01   -9.959339e-01  -0.9947348600
52         -0.3096555100      -6.738905e-02   -8.751096e-01  -0.8361963100
53         -0.0888818820      -1.677066e-03   -9.821810e-01  -0.9784844500
54          0.1266195900       6.518384e-02   -9.950606e-01  -0.9967772200
55         -0.2297639500       6.598610e-02   -9.983908e-01  -0.9984494200
56         -0.2305108000       4.161540e-01   -9.977332e-01  -0.9982829500
57         -0.1828594900       4.572391e-01   -9.948534e-01  -0.9965088700
58         -0.0655347230      -1.582831e-01   -9.960368e-01  -0.9962993300
59         -0.1858508500       3.442764e-01   -9.939038e-01  -0.9953350400
60         -0.2445882400       2.516228e-01   -9.933471e-01  -0.9943523800
61         -0.0634208230       3.346511e-01   -9.938069e-01  -0.9974517700
62         -0.2172945200       1.152035e-01   -9.962965e-01  -0.9972967500
63         -0.1240062300       2.165687e-01   -9.981129e-01  -0.9986522000
64         -0.2147127400       1.388745e-01   -9.983104e-01  -0.9986394700
65         -0.0083893961      -3.639128e-01   -4.778635e-01  -0.4757619600
66         -0.1899565000      -9.714384e-02   -9.674093e-01  -0.9147996700
67         -0.4644624400      -6.427061e-01   -4.052617e-01   0.0856789630
68         -0.5434558900      -6.141355e-01   -5.020218e-01  -0.1110804200
69         -0.1427876500       4.372173e-01   -7.923227e-01  -0.8037515500
70         -0.1516836000      -1.662142e-01   -7.163975e-01  -0.7369023100
71         -0.0511067870      -3.540140e-01   -9.182126e-02   0.2806965700
72          0.0100962690       2.613370e-01   -2.207850e-01  -0.1027802200
73         -0.2832834900      -5.562435e-01   -4.985678e-01  -0.0268123890
74          0.2751485400      -2.654268e-01   -7.814290e-01  -0.7715688800
75          0.3190618400      -1.442926e-01   -9.453723e-01  -0.9112737300
76          0.0310228270      -1.044252e-01   -9.918611e-01  -0.9894907000
77          0.1601512000       1.213610e-01   -9.933002e-01  -0.9915113200
78          0.4445907700       1.024379e-01   -9.944543e-01  -0.9956709700
79         -0.2331577600       8.593220e-02   -1.668108e-01  -0.3995829500
80         -0.3065205600       8.777290e-02   -7.927762e-02  -0.4230300300
81         -0.2418279800       2.434422e-01   -1.563126e-01  -0.4368583400
82          0.0634474740       2.291349e-01   -1.043769e-01  -0.3762152700
83         -0.1440376000       5.910637e-02   -1.231953e-01  -0.3878596300
84          0.0120798070       1.941880e-03   -2.000250e-01  -0.3781721600
85         -0.1081080400      -1.084234e-01   -1.484722e-01  -0.4061022700
86         -0.0672975630      -1.625931e-02   -1.108269e-01  -0.4275709300
87         -0.1130831300      -2.052538e-02   -2.587172e-01  -0.4637553800
88         -0.0692249020      -2.253452e-02   -1.632239e-01  -0.4083458500
89         -0.0314245880       1.312089e-01   -2.222774e-01  -0.3954854100
90          0.1247666500       1.261360e-01   -1.516771e-01  -0.4324654000
91         -0.2232473000      -5.694752e-02   -1.509758e-01  -0.3721460600
92         -0.0574022590       3.038920e-01   -7.513048e-02  -0.3168972300
93         -0.0625646880       5.675858e-02   -5.913920e-02  -0.3464100000
94         -0.1611355900       5.906371e-02   -1.298766e-01  -0.4045168400
95         -0.1721933200       6.473289e-02   -1.153353e-01  -0.3883163200
96          0.1570954700       3.359028e-01   -1.149254e-01  -0.3889561400
97          0.1149400200      -2.633105e-02   -1.438275e-01  -0.4183002700
98         -0.0603046750       1.778893e-01   -1.971159e-01  -0.4222596800
99         -0.1127597900       3.198068e-02   -2.293362e-02  -0.4513024800
100        -0.1793756500       1.457169e-01   -3.944066e-02  -0.4043243600
101         0.0084611331       1.699320e-01   -1.417754e-01  -0.4208655800
102         0.1305236100       1.426886e-01   -4.658811e-02  -0.3675769500
103         0.0221614690       8.985082e-02   -6.555573e-02  -0.3119258100
104        -0.0495504010      -1.670590e-01   -2.528951e-03  -0.3322636100
105         0.0230113090      -5.762288e-03   -5.534799e-02  -0.3519805300
106        -0.1394654100      -4.470279e-02   -1.667519e-01  -0.3804831200
107        -0.0590030990       9.875955e-02   -5.278797e-02  -0.3571392900
108        -0.1537976100       1.000381e-01   -6.878115e-02  -0.3876761000
109        -0.2056272000       1.403652e-01   -2.043579e-01  -0.4076229600
110        -0.0534237280       3.496819e-02   -1.718352e-01  -0.4130548700
111        -0.0095514736      -2.530214e-02   -2.059628e-01  -0.3968838300
112        -0.0580116860       8.463914e-02    1.103919e-02  -0.2752978200
113        -0.1920631200      -3.605817e-02   -1.169777e-01  -0.4379099400
114         0.1863029300      -8.089491e-02   -1.929504e-01  -0.4454866600
115        -0.0767183250      -2.348890e-01   -1.571982e-01  -0.3905272700
116         0.1446945600       1.329058e-02   -8.501545e-02  -0.3998702700
117        -0.0600103800       1.103975e-02   -1.801569e-01  -0.4065271300
118        -0.1035312700      -9.935090e-02   -1.910831e-01  -0.4561194300
119        -0.0342319010      -1.070590e-02   -2.392609e-01  -0.4696357400
120        -0.1070212500      -9.069735e-02   -2.406621e-01  -0.4554162600
121        -0.2874434200       1.250405e-01   -2.112656e-01  -0.4618652600
122        -0.1246913800       9.525019e-02   -2.210019e-01  -0.4764770500
123        -0.0761269710       5.944897e-02   -2.008611e-01  -0.4164330700
      fbodyaccmagmeanfreq fbodybodyaccjerkmagmean fbodybodyaccjerkmagstd
1           -8.843612e-02           -0.9937256500          -9.937550e-01
2           -4.414989e-02           -0.9903354900          -9.919603e-01
3            2.578991e-01           -0.9892800700          -9.908667e-01
4            7.358150e-02           -0.9927689200          -9.916998e-01
5            3.943103e-01           -0.9955228100          -9.943890e-01
6            4.379621e-01           -0.9947329200          -9.951562e-01
7            2.199618e-01           -0.9878858000          -9.905461e-01
8           -1.097627e-01           -0.9898514400          -9.897903e-01
9            8.376704e-02           -0.9920726300          -9.928901e-01
10           4.258212e-01           -0.9823168300          -9.840570e-01
11           3.808426e-01           -0.9847630400          -9.866171e-01
12           5.196326e-01           -0.9947293600          -9.948017e-01
13           4.912436e-01           -0.9968188700          -9.963167e-01
14           6.470783e-01           -0.9955333500          -9.954510e-01
15          -3.222452e-01           -0.9890260800          -9.878048e-01
16          -7.678501e-02           -0.9968150100          -9.975785e-01
17           1.521530e-02           -0.9988526400          -9.977410e-01
18           1.949409e-01           -0.9963500400          -9.960991e-01
19           5.320660e-01           -0.9967406500          -9.970454e-01
20           6.600369e-01           -0.9994794600          -9.995820e-01
21           6.645715e-01           -0.9983235900          -9.950930e-01
22           6.840096e-01           -0.9944959900          -9.927870e-01
23           6.367511e-01           -0.9925849900          -9.918165e-01
24           6.087159e-01           -0.9942914600          -9.927695e-01
25           4.828429e-01           -0.9944481500          -9.952062e-01
26           4.942751e-01           -0.9943982400          -9.942694e-01
27           8.209785e-01           -0.9932275400          -9.955524e-01
28          -3.381122e-01           -0.9756585700          -9.642984e-01
29          -8.778160e-02           -0.9947697400          -9.927869e-01
30          -1.012791e-01           -0.9939852700          -9.940746e-01
31          -2.429378e-01           -0.8603214700          -7.692716e-01
32          -5.972466e-01           -0.8513178800          -8.228838e-01
33          -2.652316e-01           -0.9137797700          -9.056687e-01
34          -1.171333e-01           -0.9903363600          -9.878266e-01
35          -2.139422e-01           -0.9955476200          -9.951707e-01
36           3.803339e-01           -0.9977862900          -9.965820e-01
37           6.606676e-01           -0.9977921400          -9.958110e-01
38           3.803319e-01           -0.9976032300          -9.963238e-01
39          -2.853605e-02           -0.9795682000          -9.779011e-01
40          -3.361520e-01           -0.9926380600          -9.909854e-01
41           3.270744e-01           -0.9945449500          -9.948910e-01
42           2.737813e-01           -0.9923338000          -9.933860e-01
43           2.451013e-01           -0.9934120500          -9.921535e-01
44           1.865981e-01           -0.9937794400          -9.953472e-01
45           1.993919e-01           -0.9954881100          -9.956572e-01
46           3.538745e-01           -0.9975256600          -9.964798e-01
47           5.291420e-01           -0.9977927400          -9.975411e-01
48           5.238449e-01           -0.9965707000          -9.939603e-01
49           3.744752e-01           -0.9941211100          -9.905923e-01
50           2.250543e-01           -0.9960258900          -9.928462e-01
51           3.575998e-01           -0.9957356300          -9.955062e-01
52          -2.417874e-01           -0.9102897200          -8.914699e-01
53           4.290389e-02           -0.9925130400          -9.929612e-01
54           6.236962e-01           -0.9945059400          -9.935549e-01
55           6.773874e-01           -0.9962083200          -9.933149e-01
56           6.395772e-01           -0.9969963400          -9.926728e-01
57           6.258971e-01           -0.9929766500          -9.920904e-01
58           6.063669e-01           -0.9931511200          -9.921846e-01
59           4.380282e-01           -0.9939984600          -9.940456e-01
60           4.393468e-01           -0.9942241500          -9.928878e-01
61           6.363266e-01           -0.9957483700          -9.941316e-01
62           6.708406e-01           -0.9963090200          -9.943991e-01
63           7.652607e-01           -0.9958311000          -9.967337e-01
64           8.037642e-01           -0.9927611800          -9.960670e-01
65          -1.819677e-01           -0.8648840100          -8.662815e-01
66          -5.934213e-01           -0.9821407400          -9.757274e-01
67          -5.556101e-01           -0.7261904100          -5.924830e-01
68          -6.937765e-01           -0.7254608100          -6.426770e-01
69           1.374710e-02           -0.9445135000          -9.546741e-01
70          -1.059057e-01           -0.8343544600          -7.462665e-01
71          -4.590856e-01           -0.3584824900          -3.203528e-01
72          -4.432840e-01           -0.3317560900          -2.509830e-01
73          -6.551138e-01           -0.8718860600          -8.273993e-01
74          -1.707252e-01           -0.9782315500          -9.813975e-01
75          -2.877465e-01           -0.9806597100          -9.785650e-01
76           1.083592e-01           -0.9965678500          -9.957038e-01
77           2.241321e-01           -0.9952773400          -9.972627e-01
78           5.367612e-01           -0.9939193600          -9.943916e-01
79           7.110806e-02           -0.1540448100          -1.846900e-01
80           1.706585e-01           -0.1784455700          -2.306563e-01
81           1.866012e-01           -0.1494380100          -3.212563e-01
82           2.341223e-01           -0.1322221500          -2.326118e-01
83           1.190059e-01           -0.1160874700          -2.010365e-01
84           1.076031e-01           -0.1590209800          -2.578159e-01
85           6.811333e-02           -0.1354393600          -1.945051e-01
86           2.345653e-01           -0.0880761960          -3.299637e-02
87           2.410699e-02           -0.2159034600          -3.604019e-01
88           1.151742e-01           -0.0830128950          -2.982028e-01
89           1.933516e-01           -0.1371125100          -2.144422e-01
90           2.231145e-01           -0.1194483500          -2.236345e-01
91           1.490081e-01           -0.1525068000          -2.793929e-01
92           8.716439e-02           -0.1027928000          -9.745663e-02
93           1.048315e-01           -0.0370765830          -1.540376e-01
94           2.048421e-01           -0.0333848880          -2.370018e-01
95           2.327387e-01           -0.0360355590          -5.434977e-02
96           9.728851e-02           -0.1173148400          -9.609042e-02
97           1.988673e-01           -0.1316562700          -1.160038e-01
98           1.410440e-01           -0.1675122900          -1.195396e-01
99           2.723957e-01           -0.0640239160          -1.854781e-01
100          2.938324e-01           -0.0249793460          -1.545707e-01
101          1.891251e-01           -0.0141906130          -3.048822e-01
102          2.380679e-01            0.1490279600          -5.587072e-02
103          1.538207e-01            0.1115971800          -2.934147e-02
104          1.823110e-01            0.0371966420          -2.184824e-02
105          1.162887e-01           -0.0703661650          -6.938375e-02
106          6.892717e-02           -0.1654315900          -2.272892e-01
107          1.464853e-01           -0.0063057010          -1.555751e-01
108          2.041107e-01           -0.0187398390          -1.164269e-01
109          1.711233e-01           -0.0664820750          -1.898893e-01
110          2.034672e-01           -0.0764688040          -1.989395e-01
111          1.335254e-01           -0.1705055500          -1.313516e-01
112          1.278289e-01            0.0073370091          -1.124273e-01
113          3.930503e-01           -0.1116262500          -2.031205e-01
114          3.096029e-01           -0.1655049600          -1.723333e-01
115          1.435619e-01           -0.1965431900          -1.816934e-01
116          1.771236e-01           -0.0865413320          -1.056966e-01
117          1.329918e-01           -0.0521962410          -5.673831e-02
118          1.926814e-01           -0.1076835500          -1.432331e-01
119          2.354224e-01           -0.2031898000          -2.973310e-01
120          1.268778e-01           -0.2158681000          -2.018278e-01
121          9.882861e-02           -0.2519617500          -1.769838e-01
122          2.325958e-01           -0.2181647000          -3.246622e-01
123          4.219364e-02           -0.1838019000          -2.649926e-01
      fbodybodyaccjerkmagmeanfreq fbodybodygyromagmean fbodybodygyromagstd
1                    3.469885e-01        -0.9801348500       -0.9613094400
2                    5.320605e-01        -0.9882955500       -0.9833219200
3                    6.607950e-01        -0.9892547700       -0.9860277200
4                    6.789213e-01        -0.9894128000       -0.9878357500
5                    5.590577e-01        -0.9914330300       -0.9890593500
6                    2.469096e-01        -0.9905000200       -0.9858609400
7                    2.901766e-01        -0.9882692000       -0.9845685400
8                    2.497989e-01        -0.9894306100       -0.9870648400
9                    2.723424e-01        -0.9916292800       -0.9917586600
10                   2.508836e-01        -0.9847879300       -0.9803877900
11                   5.018756e-01        -0.9834583600       -0.9811783900
12                   6.993621e-01        -0.9965033300       -0.9955225600
13                   5.363484e-01        -0.9979069300       -0.9972502600
14                   5.300883e-01        -0.9985638500       -0.9984292900
15                   1.689790e-01        -0.9110407400       -0.8844731400
16                   5.438527e-01        -0.9564022700       -0.9176798800
17                   6.365581e-01        -0.9865698700       -0.9816707000
18                   4.851884e-01        -0.9924418100       -0.9879199400
19                   4.373191e-01        -0.9956098000       -0.9934856900
20                   6.084479e-01        -0.9972037800       -0.9945369500
21                   2.847595e-01        -0.9988685000       -0.9992208700
22                   3.771209e-01        -0.9985253800       -0.9985004600
23                   4.929347e-01        -0.9982446100       -0.9979302400
24                   3.620333e-01        -0.9980366200       -0.9977049000
25                   3.615435e-01        -0.9972168900       -0.9978228800
26                   3.379145e-01        -0.9967453200       -0.9961960300
27                   5.539181e-01        -0.9966080700       -0.9957037600
28                  -3.126725e-01        -0.9750698700       -0.9711244200
29                   3.098714e-01        -0.9697062300       -0.9505833900
30                   4.198944e-01        -0.9697202100       -0.9524500500
31                  -1.217022e-01        -0.6043353300       -0.2204640400
32                   1.092439e-01        -0.6516307200       -0.3117463000
33                   2.096822e-01        -0.8572255600       -0.8136961500
34                   2.496267e-01        -0.9691052300       -0.9711563700
35                   3.506826e-01        -0.9847567300       -0.9733614000
36                   2.074266e-01        -0.9915370000       -0.9859304400
37                   2.708855e-01        -0.9941083800       -0.9944257300
38                   5.841154e-01        -0.9958239100       -0.9973349900
39                   1.320883e-01        -0.8899303800       -0.8329214900
40                   3.679519e-01        -0.8777428400       -0.8266695300
41                   5.990010e-01        -0.9301701700       -0.8886205500
42                   3.952620e-01        -0.9861539500       -0.9746461600
43                   2.616100e-01        -0.9919226200       -0.9848309800
44                   6.291895e-01        -0.9946830200       -0.9876524000
45                   7.033022e-01        -0.9926304300       -0.9900564000
46                   6.563867e-01        -0.9959413800       -0.9944450300
47                   6.573452e-01        -0.9960315400       -0.9940548800
48                   4.601394e-01        -0.9970237800       -0.9965466100
49                   4.326347e-01        -0.9964492400       -0.9967982300
50                   3.473805e-01        -0.9957281300       -0.9960569900
51                   5.588320e-01        -0.9944250200       -0.9950137000
52                  -2.985904e-01        -0.8759977400       -0.8062476500
53                   5.219704e-01        -0.9324913500       -0.8957466900
54                   6.160485e-01        -0.9846662300       -0.9705476500
55                   1.610637e-01        -0.9960271500       -0.9920600000
56                   2.541575e-01        -0.9963312500       -0.9938578600
57                   1.264538e-01        -0.9969887100       -0.9960884100
58                   1.326401e-01        -0.9959991800       -0.9933378600
59                   5.212346e-01        -0.9978925600       -0.9978802000
60                   6.650932e-01        -0.9982851200       -0.9980319500
61                   4.123155e-01        -0.9986115400       -0.9985862200
62                   2.593894e-01        -0.9991425900       -0.9990069000
63                   4.380741e-01        -0.9982031100       -0.9980448300
64                   5.101170e-01        -0.9976872200       -0.9970883800
65                   1.581954e-01        -0.8778592600       -0.7895607400
66                  -1.213258e-01        -0.9019439800       -0.8382392300
67                  -5.928170e-01        -0.4498132100       -0.2035908100
68                  -5.033247e-01        -0.4585763800       -0.2351279000
69                   2.517987e-01        -0.8024861800       -0.7720796300
70                  -2.392824e-01        -0.4174001600       -0.5528910900
71                   1.546326e-01        -0.1020200900        0.2799162600
72                   8.784686e-02         0.1050462700        0.1465406800
73                  -1.945270e-01        -0.7668295600       -0.7347903600
74                   4.104551e-01        -0.9504436900       -0.8995719100
75                   2.914768e-01        -0.9424823000       -0.9107385200
76                   6.956900e-01        -0.9636147100       -0.9343458200
77                   4.243446e-01        -0.9866083600       -0.9795133700
78                   4.498267e-01        -0.9952448000       -0.9933546500
79                   5.448232e-02        -0.2221760400       -0.2736495300
80                   1.904790e-01        -0.2682798200       -0.3146233800
81                   3.107567e-01        -0.3086707200       -0.4014002400
82                   2.664597e-01        -0.0601314900       -0.2746460900
83                  -1.614796e-03        -0.0038214657       -0.2462486100
84                   2.147775e-03        -0.1745312600       -0.3073558600
85                  -1.231367e-01        -0.2683185300       -0.3769013800
86                   2.210594e-02        -0.2441837500       -0.3847767700
87                   1.574068e-02        -0.3091791100       -0.3047605800
88                   2.273547e-01        -0.3379080300       -0.3235469100
89                   1.070100e-01        -0.3326120300       -0.3738029200
90                   2.123590e-01        -0.3022028800       -0.3493227000
91                   4.605431e-01        -0.2497855300       -0.3144157200
92                   2.062616e-01        -0.2110842200       -0.2829485100
93                   2.016703e-01        -0.2747976200       -0.3856272100
94                   1.801665e-01        -0.2214196300       -0.3466791900
95                   1.129500e-01        -0.1622568700       -0.2315551600
96                  -9.746882e-02        -0.0966428880       -0.3019734800
97                   7.085846e-03        -0.0644864520       -0.2866799400
98                   7.867607e-02        -0.1290677700       -0.3041541600
99                   7.628987e-02        -0.2431419600       -0.4058744700
100                  1.438764e-01        -0.2857663700       -0.3320421900
101                  4.910935e-01        -0.2332989000       -0.3615454000
102                  4.572065e-01        -0.1243149400       -0.3004330800
103                  2.037805e-01        -0.0769985240       -0.3017054800
104                 -1.768223e-02        -0.0855313480       -0.2882145500
105                 -8.467113e-02        -0.1569781800       -0.3458194200
106                  7.471457e-02        -0.2722926400       -0.3517826400
107                  2.499020e-01        -0.1987426600       -0.3099906800
108                  2.310113e-01        -0.2682973800       -0.2834160500
109                  1.268386e-01        -0.2535128400       -0.3075728200
110                  1.385365e-01        -0.1248485300       -0.3195076500
111                  1.359855e-02        -0.1436749000       -0.3018827400
112                  1.464689e-01        -0.1122282600       -0.1767629000
113                  3.400991e-01        -0.2206082600       -0.2831559500
114                  1.402782e-01        -0.2688256700       -0.3076121200
115                 -1.000873e-01        -0.1881830700       -0.3119014600
116                 -7.765865e-02        -0.1547115200       -0.2920384800
117                 -4.543834e-04        -0.2362925300       -0.3364482900
118                 -2.816030e-02        -0.3198038700       -0.4173871100
119                  1.493398e-01        -0.2979946600       -0.3607423400
120                 -5.624245e-02        -0.2239478700       -0.3207359600
121                 -1.529935e-01        -0.2599139400       -0.3137717600
122                  8.494135e-02        -0.2451907400       -0.3490875200
123                  9.616923e-02        -0.2921291700       -0.3923204200
      fbodybodygyromagmeanfreq fbodybodygyrojerkmagmean fbodybodygyrojerkmagstd
1                -1.289889e-01            -0.9919904400           -0.9906974600
2                -2.719585e-01            -0.9958538600           -0.9963994700
3                -2.127279e-01            -0.9950305000           -0.9951273900
4                -3.568420e-02            -0.9952207100           -0.9952369300
5                -2.735820e-01            -0.9950927800           -0.9954648300
6                -2.973291e-01            -0.9951433100           -0.9952387000
7                -2.570321e-01            -0.9956414800           -0.9946390900
8                -1.972715e-01            -0.9956291200           -0.9945068400
9                 7.341721e-02            -0.9952603700           -0.9960072100
10               -1.399664e-01            -0.9909812100           -0.9905994100
11               -4.715901e-02            -0.9913142800           -0.9892975000
12                9.899647e-02            -0.9976522500           -0.9978750700
13                1.566558e-01            -0.9990467100           -0.9990591700
14                3.253391e-01            -0.9990280000           -0.9990544300
15               -1.733354e-01            -0.9902419400           -0.9892771900
16               -3.609267e-01            -0.9976040000           -0.9988352700
17               -9.818218e-02            -0.9973324500           -0.9984604000
18               -1.769800e-01            -0.9975926500           -0.9976185100
19               -1.085852e-01            -0.9985048300           -0.9981970400
20               -5.674117e-02            -0.9995724400           -0.9995602900
21                4.800563e-01            -0.9990467600           -0.9991525400
22                3.451755e-01            -0.9984241500           -0.9988862500
23                2.512224e-01            -0.9989656600           -0.9985402000
24                3.534367e-01            -0.9987264600           -0.9990231000
25                3.107619e-01            -0.9987361500           -0.9988674500
26                1.697524e-01            -0.9983846300           -0.9990075200
27                2.017305e-01            -0.9979692700           -0.9986592900
28               -2.676082e-01            -0.9833172400           -0.9772135000
29               -2.568122e-01            -0.9985897600           -0.9987668800
30               -1.992270e-01            -0.9989731500           -0.9993255100
31               -6.182035e-01            -0.8708643700           -0.8021690500
32               -7.217676e-01            -0.8723835700           -0.8374704500
33               -1.087593e-01            -0.9476176100           -0.9496143400
34                1.526931e-01            -0.9895655700           -0.9891824200
35               -2.298572e-01            -0.9958058000           -0.9954641000
36               -7.029782e-02            -0.9960850200           -0.9955457300
37                2.499139e-01            -0.9960317400           -0.9958009700
38                5.386951e-01            -0.9959691400           -0.9963676600
39               -2.214382e-01            -0.9936382000           -0.9934694400
40               -1.895628e-01            -0.9956181200           -0.9955675000
41               -2.300312e-01            -0.9966591500           -0.9964210100
42               -2.982836e-01            -0.9958948200           -0.9956589200
43               -2.127468e-01            -0.9967572500           -0.9972592200
44               -2.312349e-01            -0.9984012500           -0.9982255300
45               -1.229121e-03            -0.9976428100           -0.9971779400
46                1.875954e-01            -0.9970746700           -0.9970820500
47                6.350295e-02            -0.9981109900           -0.9978486200
48                2.106916e-01            -0.9982352900           -0.9979630900
49                2.691426e-01            -0.9979604800           -0.9976711200
50                2.675208e-01            -0.9976528700           -0.9975475200
51                2.348719e-01            -0.9973021300           -0.9959438300
52               -2.799947e-01            -0.9524838000           -0.9305439800
53               -2.467515e-01            -0.9985371600           -0.9985562800
54               -2.516247e-01            -0.9983322000           -0.9983417500
55               -1.033498e-01            -0.9985448400           -0.9986933500
56                7.771630e-02            -0.9988506300           -0.9993605200
57                9.989547e-02            -0.9991168600           -0.9989475500
58               -2.425672e-02            -0.9985907200           -0.9987038700
59                1.954745e-01            -0.9987118600           -0.9983328300
60                2.314844e-01            -0.9992993400           -0.9990987700
61                3.005664e-01            -0.9990275800           -0.9992845500
62                5.045920e-01            -0.9985996200           -0.9984584600
63                3.207420e-01            -0.9984886900           -0.9985339100
64                1.918965e-01            -0.9987041100           -0.9984043600
65               -6.104670e-01            -0.9318824700           -0.9099476600
66               -3.759096e-01            -0.9875508200           -0.9872632000
67               -6.545037e-01            -0.7667261500           -0.6413966400
68               -6.531499e-01            -0.7619606500           -0.6852249600
69               -2.049083e-01            -0.9340349400           -0.9206611100
70                3.118827e-01            -0.7330136600           -0.7564194800
71               -5.664656e-01            -0.6082278100           -0.4921759900
72               -1.923295e-01            -0.6126108100           -0.4904370700
73               -1.072212e-01            -0.9130414900           -0.8905266100
74               -4.527781e-01            -0.9852506300           -0.9851950000
75               -2.229091e-01            -0.9869095500           -0.9818726700
76               -1.951365e-01            -0.9969160300           -0.9964884500
77               -1.759104e-01            -0.9964444400           -0.9970527900
78                3.825273e-02            -0.9966505400           -0.9969536900
79               -4.698650e-04            -0.4318316500           -0.4763700700
80                1.302244e-01            -0.4281858700           -0.4928844300
81                2.004148e-01            -0.4010383200           -0.4819242100
82                3.276324e-01            -0.2176688500           -0.2992263300
83                3.486343e-01            -0.1875509500           -0.3003379600
84                4.181391e-01            -0.3383588100           -0.4650148800
85                2.503923e-01            -0.3971911000           -0.5029291300
86                2.988019e-01            -0.3535488200           -0.4396333400
87               -3.894307e-02            -0.4728932400           -0.4884251600
88                2.513265e-01            -0.4493405000           -0.4513102000
89                3.466342e-01            -0.4624465200           -0.5169670000
90                3.874643e-01            -0.4176134500           -0.4606018400
91                4.559897e-01            -0.3785199300           -0.3725578300
92                4.368343e-01            -0.2896505900           -0.3308414300
93                3.321278e-01            -0.3413663400           -0.3931509900
94                2.714477e-01            -0.3495923200           -0.4004284900
95                2.101887e-01            -0.3016357200           -0.3251579100
96                3.213387e-01            -0.2337809700           -0.3288866700
97                2.864845e-01            -0.1404386200           -0.3288135800
98                2.622793e-01            -0.2764404100           -0.3903566600
99                2.308263e-01            -0.3550657600           -0.4736703300
100               1.975137e-01            -0.4471626300           -0.4822363600
101               3.768132e-01            -0.2971822000           -0.3792150800
102               6.591779e-01            -0.1472491400           -0.1452625200
103               5.174238e-01            -0.1728838600           -0.2092577500
104               2.980299e-01            -0.2067917200           -0.3709750500
105               4.043695e-01            -0.2572360800           -0.3993634400
106               2.550290e-01            -0.3966965400           -0.4978273800
107               3.091080e-01            -0.3343480700           -0.4154637800
108               2.706510e-01            -0.3698126300           -0.4025990400
109               1.989265e-01            -0.3524417400           -0.4309833100
110               2.523507e-01            -0.2635002400           -0.4234225800
111               1.513589e-01            -0.2714972600           -0.4377120700
112               1.253929e-01            -0.2868159500           -0.3680189200
113               2.110980e-01            -0.4271236800           -0.4409213300
114               3.052951e-01            -0.3781419300           -0.4027197800
115               2.705959e-01            -0.3401066800           -0.4210219200
116               3.463042e-01            -0.3602191200           -0.3521235000
117               2.343259e-01            -0.3571016900           -0.4049836800
118               2.607268e-01            -0.4123184700           -0.4988891100
119               2.060358e-01            -0.3866551100           -0.4836421900
120               1.059827e-01            -0.4127013600           -0.4376838500
121               6.807675e-02            -0.4358590200           -0.4717000700
122               2.390705e-01            -0.3599605500           -0.4977751300
123               1.512081e-01            -0.3872484200           -0.5608883700
      fbodybodygyrojerkmagmeanfreq subjectid           activity
1                    -7.432303e-02         1 walking_downstairs
2                     1.580745e-01         1 walking_downstairs
3                     4.145028e-01         1 walking_downstairs
4                     4.045725e-01         1 walking_downstairs
5                     8.775301e-02         1 walking_downstairs
6                     1.995331e-02         1 walking_downstairs
7                     1.458435e-01         1 walking_downstairs
8                     1.363819e-01         1 walking_downstairs
9                     3.140378e-01         1 walking_downstairs
10                    2.673825e-01         1 walking_downstairs
11                    1.205034e-01         1 walking_downstairs
12                    3.514418e-01         1 walking_downstairs
13                    6.898970e-01         1 walking_downstairs
14                    7.400229e-01         1 walking_downstairs
15                    1.309585e-01         1 walking_downstairs
16                    6.615400e-01         1 walking_downstairs
17                    5.606676e-01         1 walking_downstairs
18                    4.286142e-01         1 walking_downstairs
19                    3.484126e-01         1 walking_downstairs
20                    6.671556e-01         1 walking_downstairs
21                    6.011338e-01         1 walking_downstairs
22                    5.763390e-01         1 walking_downstairs
23                    4.802251e-01         1 walking_downstairs
24                    4.681909e-01         1 walking_downstairs
25                    7.300844e-01         1 walking_downstairs
26                    6.770732e-01         1 walking_downstairs
27                    7.182840e-01         1 walking_downstairs
28                   -2.576073e-01         1            walking
29                    5.824263e-01         1            walking
30                    7.555931e-01         1            walking
31                   -4.635335e-01         1            walking
32                   -2.545514e-01         1            walking
33                    1.812866e-01         1            walking
34                    1.234895e-01         1            walking
35                    2.009248e-01         1            walking
36                    5.459478e-02         1            walking
37                    9.235495e-02         1            walking
38                    4.536777e-01         1            walking
39                    1.908948e-01         1            walking
40                    2.070366e-01         1            walking
41                    1.069484e-01         1            walking
42                    2.173128e-01         1            walking
43                    4.586034e-01         1            walking
44                    3.501310e-01         1            walking
45                    3.022782e-01         1            walking
46                    3.089236e-01         1            walking
47                    3.343272e-01         1            walking
48                    3.189177e-01         1            walking
49                    5.196641e-01         1            walking
50                    3.269381e-01         1            walking
51                   -1.114285e-01         1            walking
52                   -2.748910e-01         1   walking_upstairs
53                    4.284734e-01         1   walking_upstairs
54                    4.375321e-01         1   walking_upstairs
55                    5.438482e-01         1   walking_upstairs
56                    6.389389e-01         1   walking_upstairs
57                    5.971282e-01         1   walking_upstairs
58                    3.945064e-01         1   walking_upstairs
59                    2.575365e-01         1   walking_upstairs
60                    6.178431e-01         1   walking_upstairs
61                    9.185764e-01         1   walking_upstairs
62                    6.141518e-01         1   walking_upstairs
63                    5.646893e-01         1   walking_upstairs
64                    7.228188e-01         1   walking_upstairs
65                   -1.186407e-01         1   walking_upstairs
66                    4.387382e-02         1   walking_upstairs
67                   -8.006836e-01         1   walking_upstairs
68                   -6.912192e-01         1   walking_upstairs
69                   -3.507200e-01         1   walking_upstairs
70                   -2.816842e-01         1   walking_upstairs
71                   -5.251700e-01         1   walking_upstairs
72                   -5.338671e-01         1   walking_upstairs
73                   -2.695650e-01         1   walking_upstairs
74                    2.927778e-01         1   walking_upstairs
75                    2.477329e-01         1   walking_upstairs
76                    2.295160e-01         1   walking_upstairs
77                    3.558034e-01         1   walking_upstairs
78                    4.254729e-01         1   walking_upstairs
79                   -1.516418e-01         1             laying
80                    1.737093e-01         1             laying
81                    2.443055e-01         1             laying
82                    2.627864e-01         1             laying
83                    4.151864e-01         1             laying
84                    3.353570e-01         1             laying
85                    2.199418e-01         1             laying
86                    2.182462e-01         1             laying
87                   -2.091328e-02         1             laying
88                   -8.734681e-02         1             laying
89                    1.185137e-01         1             laying
90                    2.048007e-01         1             laying
91                    2.394545e-01         1             laying
92                    2.278396e-01         1             laying
93                    1.705634e-01         1             laying
94                    1.611026e-01         1             laying
95                    9.822392e-02         1             laying
96                    1.035838e-01         1             laying
97                    1.743448e-01         1             laying
98                    2.108132e-01         1             laying
99                    2.936992e-01         1             laying
100                   3.948549e-01         1             laying
101                   3.562601e-01         1             laying
102                   2.383140e-01         1             laying
103                   5.647853e-02         1             laying
104                   3.848585e-01         1             laying
105                   4.140957e-01         1             laying
106                   3.665951e-01         1             laying
107                   2.203890e-01         1             laying
108                   7.759281e-02         1             laying
109                   1.655630e-01         1             laying
110                   2.414844e-01         1             laying
111                   4.144663e-02         1             laying
112                   1.754618e-01         1             laying
113                   2.642733e-01         1             laying
114                   2.480218e-01         1             laying
115                   2.012964e-01         1             laying
116                   1.339104e-01         1             laying
117                   7.992325e-02         1             laying
118                   2.623174e-01         1             laying
119                   2.100354e-01         1             laying
120                   7.817502e-02         1             laying
121                   8.289158e-02         1             laying
122                   1.389797e-01         1             laying
123                   1.960543e-01         1             laying
 [ reached getOption("max.print") -- omitted 10176 rows ]
> 